3 3

   0.001525878906250   0.003051757812500   0.001525878906250
   0.003051757812500   0.006103515625000   0.003051757812500
   0.001525878906250   0.003051757812500   0.001525878906250


3 3

  -0.039062500000000                   0   0.039062500000000
  -0.078125000000000                   0   0.078125000000000
  -0.039062500000000                   0   0.039062500000000


3 3

  -0.039062500000000   0.078125000000000  -0.039062500000000
  -0.078125000000000   0.156250000000000  -0.078125000000000
  -0.039062500000000   0.078125000000000  -0.039062500000000


3 3

  -0.039062500000000  -0.078125000000000  -0.039062500000000
                   0                   0                   0
   0.039062500000000   0.078125000000000   0.039062500000000


3 3

     1     0    -1
     0     0     0
    -1     0     1


3 3

     1    -2     1
     0     0     0
    -1     2    -1


3 3

  -0.039062500000000  -0.078125000000000  -0.039062500000000
   0.078125000000000   0.156250000000000   0.078125000000000
  -0.039062500000000  -0.078125000000000  -0.039062500000000


3 3

     1     0    -1
    -2     0     2
     1     0    -1


3 3

     1    -2     1
    -2     4    -2
     1    -2     1


3 3

   0.001525878906250   0.003051757812500   0.001525878906250
   0.003051757812500   0.006103515625000   0.003051757812500
   0.001525878906250   0.003051757812500   0.001525878906250


3 3

   0.001525878906250   0.003051757812500   0.001525878906250
   0.003051757812500   0.006103515625000   0.003051757812500
   0.001525878906250   0.003051757812500   0.001525878906250


5 5

  -0.050000000000000  -0.050000000000000                   0   0.050000000000000   0.050000000000000
  -0.050000000000000  -0.050000000000000                   0   0.050000000000000   0.050000000000000
  -0.050000000000000  -0.050000000000000                   0   0.050000000000000   0.050000000000000
  -0.050000000000000  -0.050000000000000                   0   0.050000000000000   0.050000000000000
  -0.050000000000000  -0.050000000000000                   0   0.050000000000000   0.050000000000000


5 5

  -0.050000000000000   0.016000000000000   0.050000000000000   0.050000000000000   0.050000000000000
  -0.050000000000000  -0.039000000000000   0.046000000000000   0.050000000000000   0.050000000000000
  -0.050000000000000  -0.050000000000000                   0   0.050000000000000   0.050000000000000
  -0.050000000000000  -0.050000000000000  -0.046000000000000   0.039000000000000   0.050000000000000
  -0.050000000000000  -0.050000000000000  -0.050000000000000  -0.016000000000000   0.050000000000000


5 5

   0.050000000000000   0.050000000000000   0.050000000000000   0.050000000000000   0.050000000000000
  -0.016000000000000   0.039000000000000   0.050000000000000   0.050000000000000   0.050000000000000
  -0.050000000000000  -0.046000000000000                   0   0.046000000000000   0.050000000000000
  -0.050000000000000  -0.050000000000000  -0.050000000000000  -0.039000000000000   0.016000000000000
  -0.050000000000000  -0.050000000000000  -0.050000000000000  -0.050000000000000  -0.050000000000000


5 5

   0.050000000000000   0.050000000000000   0.050000000000000   0.050000000000000   0.050000000000000
   0.050000000000000   0.050000000000000   0.050000000000000   0.050000000000000   0.050000000000000
                   0                   0                   0                   0                   0
  -0.050000000000000  -0.050000000000000  -0.050000000000000  -0.050000000000000  -0.050000000000000
  -0.050000000000000  -0.050000000000000  -0.050000000000000  -0.050000000000000  -0.050000000000000

5 5

   0.050000000000000   0.050000000000000   0.050000000000000   0.050000000000000   0.050000000000000
   0.050000000000000   0.050000000000000   0.050000000000000   0.039000000000000  -0.016000000000000
   0.050000000000000   0.046000000000000                   0  -0.046000000000000  -0.050000000000000
   0.016000000000000  -0.039000000000000  -0.050000000000000  -0.050000000000000  -0.050000000000000
  -0.050000000000000  -0.050000000000000  -0.050000000000000  -0.050000000000000  -0.050000000000000


5 5

   0.050000000000000   0.050000000000000   0.050000000000000   0.016000000000000  -0.050000000000000
   0.050000000000000   0.050000000000000   0.046000000000000  -0.039000000000000  -0.050000000000000
   0.050000000000000   0.050000000000000                   0  -0.050000000000000  -0.050000000000000
   0.050000000000000   0.039000000000000  -0.046000000000000  -0.050000000000000  -0.050000000000000
   0.050000000000000  -0.016000000000000  -0.050000000000000  -0.050000000000000  -0.050000000000000
